# 256 hydro Cholla 50 h-1Mpc from "halo tests" series from Bruno
# (1) snapid (2) z (3) a (4) t
258 0.0 1.0 32.15022777534141
257 0.008547008547008517 0.9915254237288136 32.14165084311496
256 0.01724137931034475 0.9830508474576272 32.13288673176758
255 0.02608695652173898 0.9745762711864407 32.12393033802986
254 0.03508771929824572 0.9661016949152542 32.11477639637361
253 0.04424778761061954 0.9576271186440678 32.105419473179566
252 0.0535714285714286 0.9491525423728814 32.0958539606642
251 0.06306306306306309 0.9406779661016949 32.08607407055294
250 0.07272727272727275 0.9322033898305084 32.076073827486915
249 0.08256880733944949 0.923728813559322 32.065847062148706
248 0.09259259259259256 0.9152542372881356 32.055387404091995
247 0.10280373831775691 0.9067796610169492 32.04468827425883
246 0.1132075471698113 0.8983050847457628 32.03374287716682
245 0.12380952380952381 0.8898305084745763 32.022544192747446
244 0.13461538461538458 0.8813559322033898 32.01108496781511
243 0.14563106796116498 0.8728813559322034 31.999357707145062
242 0.15686274509803932 0.8644067796610169 31.98735466413628
241 0.16831683168316847 0.8559322033898304 31.97506783103404
240 0.18000000000000016 0.847457627118644 31.96248892868419
239 0.19191919191919204 0.8389830508474576 31.94960939578938
238 0.20408163265306123 0.8305084745762712 31.93642037763453
237 0.21649484536082464 0.8220338983050848 31.92291271424649
236 0.22916666666666652 0.8135593220338984 31.90907692794943
235 0.2421052631578946 0.8050847457627119 31.8949032102745
234 0.25531914893617014 0.7966101694915254 31.880381408178373
233 0.26881720430107525 0.788135593220339 31.865501009521445
232 0.28260869565217406 0.7796610169491525 31.850251127752042
231 0.29670329670329676 0.771186440677966 31.834620485738014
230 0.3111111111111111 0.7627118644067796 31.818597398681888
229 0.3258426966292136 0.7542372881355932 31.80216975604984
228 0.34090909090909083 0.7457627118644068 31.785325002438203
227 0.35632183908045967 0.7372881355932204 31.768050117294266
226 0.37209302325581395 0.728813559322034 31.750331593400063
225 0.388235294117647 0.7203389830508474 31.73215541401944
224 0.4047619047619049 0.711864406779661 31.713507028598908
223 0.4216867469879517 0.7033898305084746 31.694371326902388
222 0.4390243902439024 0.6949152542372882 31.674732611448334
221 0.45679012345679015 0.6864406779661016 31.654574568104778
220 0.4750000000000001 0.6779661016949152 31.633880234683637
219 0.49367088607594933 0.6694915254237288 31.612631967359945
218 0.5128205128205128 0.6610169491525424 31.590811404724136
217 0.5324675324675323 0.652542372881356 31.568399429256218
216 0.5526315789473684 0.6440677966101696 31.545376125989158
215 0.5733333333333335 0.635593220338983 31.521720738104996
214 0.5945945945945945 0.6271186440677966 31.497411619180586
213 0.6164383561643836 0.6186440677966102 31.47242618177028
212 0.6388888888888888 0.6101694915254238 31.44674084197996
211 0.6619718309859157 0.6016949152542372 31.420330959649846
210 0.6857142857142857 0.5932203389830508 31.393170773722403
209 0.7101449275362319 0.5847457627118644 31.365233332325303
208 0.7352941176470589 0.576271186440678 31.3364904170478
207 0.7611940298507462 0.5677966101694916 31.306912460830308
206 0.7878787878787881 0.559322033898305 31.276468458821626
205 0.8153846153846154 0.5508474576271186 31.245125871484
204 0.84375 0.5423728813559322 31.21285051914258
203 0.873015873015873 0.5338983050847458 31.179606467081143
202 0.9032258064516128 0.5254237288135594 31.145355900178128
201 0.9344262295081969 0.5169491525423728 31.110058985954915
200 0.9666666666666668 0.5084745762711864 31.073673724768643
199 1.0 0.5 31.036156104861913
198 1.0224719101123596 0.49444444444444446 31.010926548046427
197 1.0454545454545454 0.4888888888888889 30.98518177233864
196 1.0689655172413794 0.4833333333333333 30.958901506893437
195 1.0930232558139537 0.47777777777777775 30.93206837557611
194 1.1176470588235294 0.4722222222222222 30.904666029110476
193 1.1428571428571428 0.4666666666666667 30.876682215124255
192 1.1686746987951806 0.46111111111111114 30.84810019110966
191 1.1951219512195124 0.45555555555555555 30.81890253143273
190 1.2222222222222223 0.44999999999999996 30.789071089182258
189 1.25 0.4444444444444444 30.758586955363516
188 1.278481012658228 0.4388888888888889 30.72743041521893
187 1.3076923076923075 0.43333333333333335 30.695580901436802
186 1.337662337662338 0.42777777777777776 30.663016943986293
185 1.3684210526315788 0.4222222222222222 30.629716116290975
184 1.4000000000000004 0.41666666666666663 30.595654977424882
183 1.4324324324324325 0.4111111111111111 30.560809009982886
182 1.4657534246575343 0.40555555555555556 30.52515255324176
181 1.5 0.39999999999999997 30.488658731188554
180 1.535211267605634 0.39444444444444443 30.451299374948178
179 1.5714285714285712 0.3888888888888889 30.41304565776482
178 1.608695652173913 0.3833333333333333 30.373866024465674
177 1.6470588235294117 0.37777777777777777 30.33372768925534
176 1.6865671641791042 0.37222222222222223 30.2925955760121
175 1.7272727272727275 0.36666666666666664 30.250434513962468
174 1.7692307692307692 0.3611111111111111 30.207206561450977
173 1.8125000000000004 0.3555555555555555 30.162871732592325
172 1.8571428571428572 0.35 30.11738785051738
171 1.903225806451613 0.34444444444444444 30.070710387603693
170 1.9508196721311477 0.33888888888888885 30.022792291309038
169 2.0 0.3333333333333333 29.973583794054353
168 2.0193548387096776 0.3311965811965812 29.954303321878275
167 2.0389610389610393 0.329059829059829 29.934821089920717
166 2.0588235294117654 0.32692307692307687 29.915133908431656
165 2.078947368421053 0.32478632478632474 29.895238514648753
164 2.099337748344371 0.3226495726495726 29.87513157061026
163 2.12 0.3205128205128205 29.8548096608877
162 2.1409395973154366 0.31837606837606836 29.834269290234776
161 2.1621621621621623 0.3162393162393162 29.813506881148882
160 2.183673469387755 0.3141025641025641 29.792518771341342
159 2.2054794520547945 0.31196581196581197 29.771301211112288
158 2.2275862068965515 0.30982905982905984 29.749850360625956
157 2.2500000000000004 0.30769230769230765 29.728162287081865
156 2.272727272727273 0.3055555555555555 29.706232961777165
155 2.295774647887324 0.3034188034188034 29.684058257055185
154 2.319148936170213 0.30128205128205127 29.661633943134927
153 2.342857142857143 0.29914529914529914 29.638955684815993
152 2.366906474820144 0.297008547008547 29.616019038053103
151 2.391304347826087 0.2948717948717949 29.592819446394095
150 2.416058394160584 0.2927350427350427 29.569352237274902
149 2.4411764705882355 0.29059829059829057 29.545612618164718
148 2.466666666666667 0.28846153846153844 29.52159567255408
147 2.492537313432836 0.2863247863247863 29.497296355778325
146 2.518796992481203 0.2841880341880342 29.472709490668315
145 2.5454545454545454 0.28205128205128205 29.44782976301997
144 2.5725190839694654 0.2799145299145299 29.42265171687362
143 2.5999999999999996 0.2777777777777778 29.397169749593626
142 2.627906976744186 0.27564102564102566 29.371378106738295
141 2.6562500000000004 0.2735042735042735 29.345270876709357
140 2.6850393700787403 0.27136752136752135 29.318841985169797
139 2.7142857142857144 0.2692307692307692 29.292085189218035
138 2.744 0.2670940170940171 29.264994071305843
137 2.7741935483870965 0.26495726495726496 29.237562032886554
136 2.8048780487804876 0.26282051282051283 29.20978228777928
135 2.8360655737704916 0.2606837606837607 29.181647855234086
134 2.8677685950413228 0.2585470085470085 29.153151552681994
133 2.9000000000000004 0.2564102564102564 29.124285988152774
132 2.9327731092436977 0.25427350427350426 29.095043552342418
131 2.9661016949152543 0.25213675213675213 29.06541641031093
130 3.0 0.25 29.035396492790007
129 3.033613445378151 0.24791666666666667 29.00573927218182
128 3.0677966101694913 0.24583333333333335 28.97569279669536
127 3.102564102564102 0.24375000000000002 28.945248891736
126 3.137931034482759 0.24166666666666667 28.914399136035478
125 3.1739130434782608 0.23958333333333334 28.88313485198624
124 3.2105263157894735 0.2375 28.851447095509528
123 3.2477876106194694 0.23541666666666666 28.81932664543045
122 3.2857142857142856 0.23333333333333334 28.7867639923314
121 3.3243243243243237 0.23125 28.753749326853256
120 3.3636363636363633 0.22916666666666669 28.72027252741178
119 3.4036697247706424 0.22708333333333333 28.686323147294342
118 3.4444444444444446 0.225 28.65189040109966
117 3.4859813084112155 0.22291666666666665 28.616963150480657
116 3.5283018867924527 0.22083333333333333 28.58152988914774
115 3.571428571428571 0.21875 28.545578727086664
114 3.615384615384615 0.21666666666666667 28.509097373941998
113 3.6601941747572813 0.21458333333333335 28.47207312151344
112 3.7058823529411766 0.2125 28.434492825308517
111 3.7524752475247523 0.21041666666666667 28.396342885090945
110 3.8000000000000007 0.20833333333333331 28.357609224359386
109 3.8484848484848486 0.20625 28.31827726868636
108 3.8979591836734695 0.20416666666666666 28.27833192284173
107 3.948453608247423 0.20208333333333334 28.237757546619378
106 4.0 0.2 28.196537929279188
105 4.052631578947369 0.19791666666666666 28.154656262509704
104 4.1063829787234045 0.19583333333333333 28.112095111809126
103 4.161290322580645 0.19375 28.06883638617415
102 4.217391304347826 0.19166666666666665 28.02486130597709
101 4.274725274725275 0.18958333333333333 27.980150368901917
100 4.333333333333333 0.1875 27.934683313799056
99 4.393258426966292 0.18541666666666667 27.888439082306952
98 4.454545454545455 0.18333333333333332 27.84139577807545
97 4.517241379310345 0.18125 27.79353062341194
96 4.5813953488372094 0.17916666666666667 27.744819913155386
95 4.647058823529412 0.17708333333333331 27.695238965566407
94 4.714285714285714 0.175 27.644762070002464
93 4.783132530120482 0.17291666666666666 27.593362431126497
92 4.853658536585366 0.17083333333333334 27.541012109374208
91 4.9259259259259265 0.16874999999999998 27.487681957379888
90 5.0 0.16666666666666666 27.43334155203242
89 5.055045871559633 0.16515151515151516 27.393192009078287
88 5.111111111111111 0.16363636363636364 27.352479189283407
87 5.168224299065421 0.1621212121212121 27.311190002888075
86 5.2264150943396235 0.16060606060606059 27.269310927552837
85 5.285714285714286 0.1590909090909091 27.22682798981028
84 5.346153846153847 0.15757575757575756 27.18372674553559
83 5.407766990291262 0.15606060606060607 27.13999225937405
82 5.470588235294118 0.15454545454545454 27.095609083058854
81 5.534653465346535 0.15303030303030302 27.050561232547917
80 5.600000000000001 0.1515151515151515 27.00483216390283
79 5.666666666666667 0.15 26.95840474782736
78 5.734693877551021 0.14848484848484847 26.911261242776565
77 5.804123711340206 0.14696969696969697 26.863383266540716
76 5.875 0.14545454545454545 26.8147517662007
75 5.947368421052633 0.14393939393939392 26.76534698634348
74 6.0212765957446805 0.14242424242424243 26.715148435417227
73 6.096774193548388 0.1409090909090909 26.664134850096065
72 6.173913043478261 0.1393939393939394 26.61228415751378
71 6.252747252747253 0.13787878787878788 26.559573435214187
70 6.333333333333334 0.13636363636363635 26.50597886865321
69 6.415730337078653 0.13484848484848483 26.451475706073822
68 6.5 0.13333333333333333 26.39603821055972
67 6.586206896551725 0.1318181818181818 26.33963960905682
66 6.674418604651162 0.1303030303030303 26.282252038133414
65 6.764705882352941 0.12878787878787878 26.223846486229423
64 6.857142857142858 0.12727272727272726 26.164392732123005
63 6.951807228915662 0.12575757575757576 26.103859279318165
62 7.048780487804878 0.12424242424242424 26.042213286029913
61 7.148148148148149 0.12272727272727273 25.979420490413553
60 7.25 0.12121212121212122 25.91544513065153
59 7.3544303797468356 0.11969696969696969 25.850249859474587
58 7.461538461538462 0.11818181818181818 25.783795652653193
57 7.571428571428571 0.11666666666666667 25.71604171095007
56 7.684210526315789 0.11515151515151514 25.646945354974328
55 7.800000000000001 0.11363636363636363 25.57646191232176
54 7.918918918918919 0.11212121212121212 25.504544596323452
53 8.041095890410958 0.11060606060606061 25.431144375655155
52 8.166666666666666 0.1090909090909091 25.356209833982025
51 8.295774647887324 0.10757575757575757 25.279687018726058
50 8.428571428571429 0.10606060606060606 25.20151927794573
49 8.565217391304348 0.10454545454545455 25.121647084207453
48 8.705882352941178 0.10303030303030303 25.040007844204855
47 8.850746268656716 0.10151515151515152 24.956535692742573
46 9.0 0.1 24.87116126954392
45 9.153846153846155 0.09848484848484848 24.78381777929199
44 9.3125 0.09696969696969697 24.694428207827965
43 9.476190476190476 0.09545454545454546 24.602911247321114
42 9.64516129032258 0.09393939393939395 24.5091809834779
41 9.819672131147541 0.09242424242424242 24.413146554440146
40 10.0 0.09090909090909091 24.31471177829306
39 10.197604790419161 0.0893048128342246 24.20773024988981
38 10.402439024390244 0.0877005347593583 24.097811645457686
37 10.614906832298136 0.08609625668449199 23.98481879096088
36 10.835443037974683 0.08449197860962568 23.868605356796984
35 11.064516129032258 0.08288770053475936 23.749015056765113
34 11.302631578947368 0.08128342245989305 23.62588075967212
33 11.550335570469798 0.07967914438502674 23.49902667695108
32 11.808219178082192 0.07807486631016043 23.36829653662087
31 12.076923076923077 0.07647058823529412 23.233486736123144
30 12.357142857142858 0.0748663101604278 23.094378340371016
29 12.64963503649635 0.0732620320855615 22.950735563795615
28 12.955223880597016 0.07165775401069518 22.802304064538273
27 13.274809160305344 0.07005347593582888 22.648809022677597
26 13.609375 0.06844919786096257 22.48995296941217
25 13.959999999999999 0.06684491978609626 22.325413328131937
24 14.327868852459016 0.06524064171122995 22.15536133780786
23 14.714285714285715 0.06363636363636363 21.97890056090015
22 15.120689655172413 0.06203208556149733 21.795646805220606
21 15.548672566371682 0.06042780748663101 21.60515002460966
20 16.0 0.058823529411764705 21.406914658989347
19 16.73760330578512 0.05637740244612697 21.088214892158962
18 17.542116630669547 0.053931275480489226 20.747196840075834
17 18.42307692307692 0.05148514851485149 20.382125675569714
16 19.39192399049881 0.049039021549213746 19.989979465499516
15 20.462500000000002 0.046592894583576 19.56734770694731
14 21.651715039577834 0.044146767617938266 19.110122620796812
13 22.980446927374302 0.04170064065230052 18.61318926257133
12 24.474777448071215 0.03925451368666279 18.07040195176551
11 26.167721518987342 0.036808386721025044 17.474480378343753
10 28.10169491525424 0.0343622597553873 16.815872374958772
9 30.332116788321166 0.031916132789749564 16.083036638448792
8 32.93280632411067 0.02947000582411182 15.260560700940598
7 36.00431034482758 0.027023878858474085 14.328943409622896
6 39.687203791469194 0.02457775189283634 13.26150923774673
5 44.18421052631579 0.0221316249271986 12.021642369268266
4 49.798816568047336 0.019685497961560862 10.55722856554741
3 57.00675675675676 0.017239370995923122 8.7912870282369
2 66.59842519685039 0.014793244030285382 6.603699793142255
1 79.99056603773585 0.012347117064647641 3.7945055445789566
0 100.0 0.009900990099009901 0.0
